21
56
35
13
54
98
18
13
42
65
0
24
34
3
97
58
85
5
18
55
73
15
15
2
71
98
88
82
77
20
33
76
94
86
57
20
21
92
47
67
34
52
58
30
43
93
72
64
62
7
46
62
65
20
78
43
70
19
34
64
96
5
57
62
21
65
80
23
98
65
15
60
50
63
97
76
69
94
74
15
68
9
25
26
63
46
51
70
19
33
99
84
3
8
91
23
14
75
55
50
79
9
26
97
97
25
46
7
82
4
45
19
10
68
6
75
56
25
33
43
69
80
97
23
30
53
43
51
42
59
96
7
45
96
72
51
43
75
53
11
8
13
40
0
8
14
90
14
76
65
48
34
93
57
77
92
37
91
62
38
52
74
1
45
20
5
41
68
25
47
57
90
60
70
87
22
43
77
29
27
35
53
64
10
10
59
38
79
64
72
14
20
77
78
26
30
67
2
33
81
15
11
75
59
50
78
58
25
87
5
47
57
52
19
54
85
73
22
82
62
70
30
81
25
28
37
89
10
40
65
65
51
71
74
58
72
78
91
74
77
98
97
43
89
25
8
48
70
13
90
34
50
77
25
18
17
21
75
51
46
90
39
87
44
95
41
12
73
12
27
57
74
2
76
65
46
41
31
88
61
78
72
58
70
91
27
9
20
37
30
55
14
64
31
53
26
3
83
26
47
92
47
57
4
75
57
11
1
7
39
49
74
41
42
41
47
46
94
15
18
71
64
31
33
64
11
86
43
70
68
55
62
22
42
5
63
76
25
43
85
0
47
75
49
45
39
28
28
4
71
54
15
16
76
52
19
0
29
54
65
36
56
73
93
46
86
69
43
77
58
54
27
25
4
30
18
14
16
2
39
94
10
20
24
79
11
22
10
97
82
93
74
34
88
89
73
91
97
33
61
35
35
11
87
32
2
18
38
61
31
84
0
52
27
39
19
40
43
96
63
3
34
84
12
31
50
34
21
19
72
49
95
21
28
35
60
62
89
64
91
58
95
38
72
98
14
25
13
80
34
51
32
94
4
29
18
32
41
74
6
80
11
50
10
92
50
42
94
43
8
3
42
52
52
16
42
64
94
97
54
70
72
22
57
90
1
2
83
8
98
26
87
32
42
15
42
6
84
7
58
47
0
54
63
39
75
29
67
14
4
8
99
19
87
50
93
63
65
50
89
39
35
5
33
53
60
43
88
98
98
27
24
26
41
39
30
43
83
5
43
59
76
68
90
74
97
47
97
45
20
69
75
18
43
41
71
72
82
4
10
90
64
18
23
91
63
78
68
49
36
26
73
65
81
63
21
47
33
61
48
92
78
11
17
24
34
39
22
61
12
57
46
54
15
79
95
28
50
89
79
85
50
90
34
10
13
67
66
43
87
63
87
99
62
1
47
22
29
2
5
16
66
87
74
78
78
87
9
8
33
77
60
58
38
10
73
84
26
58
74
42
96
90
82
64
10
65
4
59
55
19
85
21
20
28
88
27
14
17
93
66
77
51
20
16
51
89
10
29
25
15
98
98
47
9
20
5
64
41
94
95
56
22
29
87
97
26
86
93
97
35
78
47
18
38
21
23
81
32
70
30
53
34
69
57
16
33
61
71
97
68
40
47
20
18
78
84
14
28
2
51
77
99
93
16
84
46
20
80
97
83
69
3
76
16
78
71
32
2
30
15
4
98
58
86
44
28
52
51
23
9
66
25
33
77
33
75
70
99
94
19
78
89
26
60
76
75
43
27
70
75
27
3
46
91
96
69
39
56
30
27
88
35
48
15
38
34
35
1
49
29
57
19
0
63
94
1
86
21
10
37
74
37
3
0
56
35
26
83
9
9
72
42
56
98
42
74
70
42
6
38
85
48
19
20
71
49
57
62
82
1
89
46
56
20
22
74
84
47
88
88
87
60
7
54
61
52
18
78
19
81
23
66
74
9
70
95
56
94
81
43
68
83
83
33
73
75
93
25
34
89
18
9
15
53
67
0
13
67
75
42
93
34
49
21
8
18
32
11
46
39
9
4
67
47
3
90
88
19
68
4
16
87
64
9
8
99
23
60
28
37
57
42
82
50
33
82
46
77
12
24
45
88
43
76
68
93
67
50
49
84
70
89
32
40
62
61
11
71
92
58
56
92
75
79
60
24
11
27
65
57
85
91
74
12
23
49
47
37
30
81
8
85
48
58
11
0
97
60
18
33
81
54
67
19
39
92
82
66
26
94
25
99
77
19
47
36
50
73
80
12
32
85
6
47
1
65
97
39
95
75
60
72
95
52
14
58
92
13
60
85
2
69
50
97
19
97
83
48
40
25
63
49
77
69
50
38
22
8
93
30
81
89
33
65
49
3
45
38
62
91
99
48
88
58
36
28
74
96
67
3
32
73
63
76
60
54
56
25
22
25
77
15
75
90
61
96
84
41
92
73
65
73
46
17
92
18
70
85
4
56
1
42
38
61
5
41
99
78
29
41
82
98
91
52
6
55
97
12
39
85
7
85
13
92
65
1
17
9
21
19
84
98
68
53
75
65
17
56
41
21
64
98
9
52
80
80
56
99
48
70
23
94
21
56
86
83
73
99
55
31
9
54
42
22
80
47
55
33
63
57
90
73
33
31
92
23
48
67
34
10
43
38
47
41
63
76
20
14
77
56
39
72
65
62
6
70
29
49
53
61
90
45
6
89
44
45
10
95
98
97
73
81
32
23
68
27
45
61
75
14
9
44
29
64
3
15
24
41
76
70
70
81
67
82
25
70
34
76
24
28
59
54
47
67
81
2
14
18
46
13
51
31
93
59
72
11
69
25
84
8
52
60
1
80
26
86
95
46
82
11
46
93
40
75
37
17
25
54
96
71
36
61
16
11
2
24
5
21
32
41
17
85
45
48
31
24
3
60
88
25
8
71
63
8
58
82
44
46
41
60
90
94
77
86
42
60
67
24
3
5
96
62
41
15
40
49
75
15
38
28
29
89
1
16
15
67
24
1
50
63
20
28
61
83
22
30
5
66
8
98
99
1
60
56
47
83
96
21
70
55
46
75
96
29
68
89
19
84
20
43
57
75
50
34
13
37
43
47
21
44
29
87
44
83
77
75
20
68
37
33
47
94
88
47
42
46
13
47
27
69
96
20
32
38
71
25
49
78
7
64
22
62
83
19
15
72
4
35
2
71
20
76
59
81
88
2
35
66
8
85
62
27
74
93
46
57
24
50
6
69
87
6
9
45
89
5
84
21
86
60
94
59
19
4
85
8
90
58
75
13
14
88
25
90
90
36
93
63
63
52
63
89
43
79
92
80
40
26
54
44
58
11
44
60
48
50
42
91
45
17
71
86
62
28
15
59
82
99
19
49
35
80
80
36
71
12
8
64
94
22
53
46
58
38
84
71
23
73
82
58
58
18
97
61
44
37
41
92
24
12
98
78
13
22
87
56
67
6
81
16
17
36
38
59
76
55
42
55
82
99
76
73
25
58
62
34
81
82
98
97
85
13
9
54
83
50
9
54
34
84
4
64
4
97
65
62
94
17
51
57
55
13
56
55
30
75
11
98
28
16
7
84
33
57
20
14
8
39
21
54
38
26
3
57
56
9
53
45
76
16
1
4
65
22
27
50
93
67
82
