46
6
50
11
58
30
18
76
76
40
61
40
15
76
45
11
38
74
26
0
79
65
93
50
14
8
97
59
43
88
5
55
89
57
9
85
30
98
0
68
37
4
27
73
98
63
48
56
94
7
50
99
43
69
21
38
58
98
78
14
68
83
6
57
47
85
76
26
55
60
8
46
57
42
93
70
91
0
7
93
21
63
80
94
93
22
94
60
59
81
98
54
96
19
63
93
45
50
46
1
63
80
34
96
51
34
60
90
0
79
37
86
68
98
99
50
20
42
62
82
40
0
65
76
72
56
22
32
77
97
47
31
83
9
78
64
27
8
92
98
94
90
90
63
99
13
92
35
30
86
83
98
77
11
19
43
54
90
14
36
91
4
93
83
7
92
81
0
70
13
52
46
1
31
34
20
48
35
47
16
9
29
48
70
94
11
31
84
91
60
27
55
1
46
78
2
7
17
13
94
64
88
54
21
81
35
65
73
21
8
31
9
59
65
42
0
0
26
98
90
15
3
82
35
38
84
54
35
51
80
8
4
95
9
71
24
34
86
12
30
34
1
97
76
78
64
95
35
39
30
88
82
42
51
89
50
23
16
39
55
3
93
85
69
53
9
10
66
72
68
33
39
37
61
69
26
7
47
4
98
62
75
24
39
3
15
46
38
22
25
43
65
78
79
84
48
50
23
93
91
27
45
86
16
97
36
46
33
38
74
58
79
33
67
3
86
56
81
76
53
27
15
94
10
38
55
77
71
37
31
64
24
70
4
86
41
51
62
33
1
11
93
24
5
97
44
12
91
0
71
3
98
73
46
82
18
25
65
93
53
2
94
33
41
35
18
65
46
13
44
18
21
38
47
86
12
17
85
88
16
74
26
79
84
68
35
81
84
61
1
26
50
10
14
6
5
80
55
99
12
