68
8
31
3
41
3
85
61
99
26
83
79
43
54
99
82
12
25
28
72
4
57
60
96
95
21
35
1
49
57
87
49
94
7
51
48
82
3
6
62
0
87
16
49
40
0
68
92
24
50
90
62
64
90
90
87
86
11
79
86
65
42
81
95
59
11
24
52
74
21
1
79
91
6
40
95
53
25
64
68
50
53
0
72
73
47
11
97
95
35
79
5
32
24
16
53
30
90
95
66
45
58
62
18
71
77
66
99
98
25
0
2
15
77
58
59
71
8
9
37
58
54
73
52
17
75
5
27
47
53
57
14
35
89
86
21
10
17
11
7
72
85
47
1
14
96
0
25
50
26
36
52
66
20
91
77
76
24
59
69
35
92
63
28
24
58
44
4
88
46
39
98
65
88
37
94
84
88
93
44
29
96
14
5
92
21
49
55
72
98
58
58
94
19
36
12
68
70
44
20
14
4
2
16
90
26
54
4
80
18
66
71
70
74
61
13
55
49
89
90
71
90
18
71
7
82
27
15
83
52
54
9
43
83
83
5
64
92
91
45
8
91
7
26
12
1
64
40
75
80
53
63
4
3
52
20
11
4
27
80
65
21
67
3
12
91
8
41
41
18
67
75
92
29
27
41
8
5
39
33
50
14
55
32
35
22
43
20
85
91
25
26
10
12
26
89
97
92
99
69
35
54
2
34
41
1
48
45
68
76
43
61
37
22
57
42
44
70
40
4
62
41
21
79
82
73
3
84
29
21
1
91
64
94
52
87
67
19
68
28
69
68
63
52
59
90
19
70
91
35
17
47
45
16
30
91
73
5
83
84
80
28
41
65
34
30
10
38
5
67
36
12
67
61
51
78
89
64
15
7
64
94
88
86
7
78
53
28
63
31
89
4
7
91
81
38
71
13
51
19
91
21
48
60
54
14
56
86
2
82
23
73
71
34
88
21
99
44
79
75
68
12
33
49
82
55
27
58
17
43
56
29
6
44
87
24
14
71
41
96
20
6
20
56
80
91
34
76
22
27
49
9
40
31
95
90
44
69
48
58
22
17
27
21
50
66
54
28
23
65
26
74
79
13
30
33
23
90
64
70
27
21
70
57
8
24
76
49
22
51
56
72
28
90
78
30
98
97
73
73
78
11
67
18
60
67
37
98
21
19
80
52
75
83
73
11
22
4
87
95
35
94
74
34
74
15
72
81
91
15
4
45
73
58
17
96
74
32
20
17
24
93
90
65
62
52
25
75
31
42
60
15
7
34
95
34
83
91
82
10
40
2
71
30
77
80
22
26
62
24
72
25
1
36
80
50
67
34
39
17
24
71
92
23
24
39
48
78
77
74
86
65
38
43
53
99
87
80
37
6
52
95
65
70
68
48
12
71
18
4
95
69
83
90
14
8
87
0
26
5
51
69
62
5
68
74
92
84
73
68
47
0
35
13
95
40
57
2
45
80
28
65
40
72
85
31
38
25
71
15
20
52
49
71
2
90
75
47
42
33
93
0
50
66
92
86
50
35
17
10
20
4
77
67
12
57
39
95
36
55
26
27
5
9
6
37
8
74
38
90
15
2
45
76
33
34
94
97
85
20
58
79
16
19
44
40
89
39
19
26
45
74
80
63
28
9
4
62
42
15
90
99
65
27
18
69
68
96
49
72
33
33
45
45
45
3
82
98
16
48
59
26
44
90
38
29
26
37
82
86
39
66
67
94
90
89
53
51
28
21
78
41
62
20
11
32
99
18
22
19
13
4
9
1
29
30
39
95
67
8
92
54
72
22
76
35
47
99
45
29
64
49
29
17
28
12
70
93
26
25
