73
92
47
18
47
55
19
51
42
22
86
6
51
72
51
44
14
96
21
77
37
2
33
21
32
99
96
45
61
32
67
67
11
9
96
6
1
50
43
0
9
11
66
5
89
74
59
52
7
94
52
90
33
92
92
19
37
17
81
9
76
18
2
41
97
19
63
81
53
44
67
0
89
19
46
24
75
24
69
17
46
59
16
40
82
66
50
3
65
95
96
40
53
61
28
65
14
48
48
75
15
8
56
0
73
70
33
99
85
93
56
94
39
67
15
58
87
41
3
36
40
7
40
97
12
81
65
96
4
2
88
3
44
50
6
87
15
23
87
30
69
29
9
60
18
48
23
90
61
4
39
54
65
19
45
87
60
7
67
78
37
34
41
3
80
58
8
29
93
75
48
21
41
53
68
90
87
28
75
67
27
39
97
74
94
44
7
92
33
69
32
30
95
64
17
34
9
73
87
28
