13
2
1
15
10
1
13
18
1
9
8
11
10
4
12
13
19
8
14
14
12
11
9
10
4
5
14
11
12
12
6
5
11
4
1
11
16
3
2
12
16
4
19
9
8
12
13
8
3
6
1
2
4
12
18
10
4
8
3
4
15
13
4
18
5
11
17
10
0
5
19
14
17
12
4
18
13
2
18
7
9
2
7
2
14
16
0
15
15
10
13
19
12
8
9
17
1
1
3
16
0
14
12
11
8
1
19
4
19
12
7
19
15
3
1
11
13
17
0
13
14
2
18
4
19
7
8
10
17
2
9
17
11
0
19
0
4
1
16
5
8
12
9
3
7
14
5
4
13
9
13
17
17
16
3
7
5
8
9
5
18
7
0
9
9
10
15
8
10
7
18
2
14
8
19
7
13
6
4
19
10
10
11
1
15
10
0
7
16
17
1
15
19
12
8
11
2
12
9
11
6
13
19
15
16
10
6
15
2
0
10
18
12
18
11
16
17
13
9
13
14
4
0
19
13
4
17
16
18
10
11
1
19
12
9
11
11
5
1
0
2
15
19
14
3
11
16
15
19
0
2
9
2
15
8
14
0
19
11
16
18
8
1
2
10
11
1
11
1
8
0
5
13
16
7
15
16
7
7
16
4
9
2
18
0
5
15
14
11
2
14
7
12
2
14
3
19
14
15
19
8
5
12
18
10
19
10
17
13
4
19
10
13
16
19
18
16
14
9
9
